$BigStr
h: 00 01 02 03 v: 00 10 20 30 c: 0
h: 10 11 12 13 v: 01 11 21 31 c: 2
h: 20 21 22 23 v: 02 12 22 32 c: 4
h: 30 31 32 33 v: 03 13 23 33 c: 6
h: 40 41 42 43 v: 04 14 24 34 c: 8
h: 50 51 52 53 v: 05 15 25 35 c: 10
h: 60 61 62 63 v: 06 16 26 36 c: 12
h: 70 71 72 73 v: 07 17 27 37 c: 14
h: 80 81 82 83 v: 08 18 28 38 c: 16
h: 90 91 92 93 v: 09 19 29 39 c: 18
h: 1000 1001 1002 1003 v: 010 110 210 310 c: 20
h: 1100 1101 1102 1103 v: 011 111 211 311 c: 22
h: 1200 1201 1202 1203 v: 012 112 212 312 c: 24
h: 1300 1301 1302 1303 v: 013 113 213 313 c: 26
h: 1400 1401 1402 1403 v: 014 114 214 314 c: 28
h: 1500 1501 1502 1503 v: 015 115 215 315 c: 30
h: 1600 1601 1602 1603 v: 016 116 216 316 c: 32
h: 1700 1701 1702 1703 v: 017 117 217 317 c: 34
h: 1800 1801 1802 1803 v: 018 118 218 318 c: 36
h: 1900 1901 1902 1903 v: 019 119 219 319 c: 38
h: 01 02 03 04 v: 10 20 30 40 c: 40
h: 11 12 13 14 v: 11 21 31 41 c: 42
h: 21 22 23 24 v: 12 22 32 42 c: 44
h: 31 32 33 34 v: 13 23 33 43 c: 46
h: 41 42 43 44 v: 14 24 34 44 c: 48
h: 51 52 53 54 v: 15 25 35 45 c: 50
h: 61 62 63 64 v: 16 26 36 46 c: 52
h: 71 72 73 74 v: 17 27 37 47 c: 54
h: 81 82 83 84 v: 18 28 38 48 c: 56
h: 91 92 93 94 v: 19 29 39 49 c: 58
h: 1001 1002 1003 1004 v: 110 210 310 410 c: 60
h: 1101 1102 1103 1104 v: 111 211 311 411 c: 62
h: 1201 1202 1203 1204 v: 112 212 312 412 c: 64
h: 1301 1302 1303 1304 v: 113 213 313 413 c: 66
h: 1401 1402 1403 1404 v: 114 214 314 414 c: 68
h: 1501 1502 1503 1504 v: 115 215 315 415 c: 70
h: 1601 1602 1603 1604 v: 116 216 316 416 c: 72
h: 1701 1702 1703 1704 v: 117 217 317 417 c: 74
h: 1801 1802 1803 1804 v: 118 218 318 418 c: 76
h: 1901 1902 1903 1904 v: 119 219 319 419 c: 78
h: 02 03 04 05 v: 20 30 40 50 c: 80
h: 12 13 14 15 v: 21 31 41 51 c: 82
h: 22 23 24 25 v: 22 32 42 52 c: 84
h: 32 33 34 35 v: 23 33 43 53 c: 86
h: 42 43 44 45 v: 24 34 44 54 c: 88
h: 52 53 54 55 v: 25 35 45 55 c: 90
h: 62 63 64 65 v: 26 36 46 56 c: 92
h: 72 73 74 75 v: 27 37 47 57 c: 94
h: 82 83 84 85 v: 28 38 48 58 c: 96
h: 92 93 94 95 v: 29 39 49 59 c: 98
h: 1002 1003 1004 1005 v: 210 310 410 510 c: 100
h: 1102 1103 1104 1105 v: 211 311 411 511 c: 102
h: 1202 1203 1204 1205 v: 212 312 412 512 c: 104
h: 1302 1303 1304 1305 v: 213 313 413 513 c: 106
h: 1402 1403 1404 1405 v: 214 314 414 514 c: 108
h: 1502 1503 1504 1505 v: 215 315 415 515 c: 110
h: 1602 1603 1604 1605 v: 216 316 416 516 c: 112
h: 1702 1703 1704 1705 v: 217 317 417 517 c: 114
h: 1802 1803 1804 1805 v: 218 318 418 518 c: 116
h: 1902 1903 1904 1905 v: 219 319 419 519 c: 118
h: 03 04 05 06 v: 30 40 50 60 c: 120
h: 13 14 15 16 v: 31 41 51 61 c: 122
h: 23 24 25 26 v: 32 42 52 62 c: 124
h: 33 34 35 36 v: 33 43 53 63 c: 126
h: 43 44 45 46 v: 34 44 54 64 c: 128
h: 53 54 55 56 v: 35 45 55 65 c: 130
h: 63 64 65 66 v: 36 46 56 66 c: 132
h: 73 74 75 76 v: 37 47 57 67 c: 134
h: 83 84 85 86 v: 38 48 58 68 c: 136
h: 93 94 95 96 v: 39 49 59 69 c: 138
h: 1003 1004 1005 1006 v: 310 410 510 610 c: 140
h: 1103 1104 1105 1106 v: 311 411 511 611 c: 142
h: 1203 1204 1205 1206 v: 312 412 512 612 c: 144
h: 1303 1304 1305 1306 v: 313 413 513 613 c: 146
h: 1403 1404 1405 1406 v: 314 414 514 614 c: 148
h: 1503 1504 1505 1506 v: 315 415 515 615 c: 150
h: 1603 1604 1605 1606 v: 316 416 516 616 c: 152
h: 1703 1704 1705 1706 v: 317 417 517 617 c: 154
h: 1803 1804 1805 1806 v: 318 418 518 618 c: 156
h: 1903 1904 1905 1906 v: 319 419 519 619 c: 158
h: 04 05 06 07 v: 40 50 60 70 c: 160
h: 14 15 16 17 v: 41 51 61 71 c: 162
h: 24 25 26 27 v: 42 52 62 72 c: 164
h: 34 35 36 37 v: 43 53 63 73 c: 166
h: 44 45 46 47 v: 44 54 64 74 c: 168
h: 54 55 56 57 v: 45 55 65 75 c: 170
h: 64 65 66 67 v: 46 56 66 76 c: 172
h: 74 75 76 77 v: 47 57 67 77 c: 174
h: 84 85 86 87 v: 48 58 68 78 c: 176
h: 94 95 96 97 v: 49 59 69 79 c: 178
h: 1004 1005 1006 1007 v: 410 510 610 710 c: 180
h: 1104 1105 1106 1107 v: 411 511 611 711 c: 182
h: 1204 1205 1206 1207 v: 412 512 612 712 c: 184
h: 1304 1305 1306 1307 v: 413 513 613 713 c: 186
h: 1404 1405 1406 1407 v: 414 514 614 714 c: 188
h: 1504 1505 1506 1507 v: 415 515 615 715 c: 190
h: 1604 1605 1606 1607 v: 416 516 616 716 c: 192
h: 1704 1705 1706 1707 v: 417 517 617 717 c: 194
h: 1804 1805 1806 1807 v: 418 518 618 718 c: 196
h: 1904 1905 1906 1907 v: 419 519 619 719 c: 198
h: 05 06 07 08 v: 50 60 70 80 c: 200
h: 15 16 17 18 v: 51 61 71 81 c: 202
h: 25 26 27 28 v: 52 62 72 82 c: 204
h: 35 36 37 38 v: 53 63 73 83 c: 206
h: 45 46 47 48 v: 54 64 74 84 c: 208
h: 55 56 57 58 v: 55 65 75 85 c: 210
h: 65 66 67 68 v: 56 66 76 86 c: 212
h: 75 76 77 78 v: 57 67 77 87 c: 214
h: 85 86 87 88 v: 58 68 78 88 c: 216
h: 95 96 97 98 v: 59 69 79 89 c: 218
h: 1005 1006 1007 1008 v: 510 610 710 810 c: 220
h: 1105 1106 1107 1108 v: 511 611 711 811 c: 222
h: 1205 1206 1207 1208 v: 512 612 712 812 c: 224
h: 1305 1306 1307 1308 v: 513 613 713 813 c: 226
h: 1405 1406 1407 1408 v: 514 614 714 814 c: 228
h: 1505 1506 1507 1508 v: 515 615 715 815 c: 230
h: 1605 1606 1607 1608 v: 516 616 716 816 c: 232
h: 1705 1706 1707 1708 v: 517 617 717 817 c: 234
h: 1805 1806 1807 1808 v: 518 618 718 818 c: 236
h: 1905 1906 1907 1908 v: 519 619 719 819 c: 238
h: 06 07 08 09 v: 60 70 80 90 c: 240
h: 16 17 18 19 v: 61 71 81 91 c: 242
h: 26 27 28 29 v: 62 72 82 92 c: 244
h: 36 37 38 39 v: 63 73 83 93 c: 246
h: 46 47 48 49 v: 64 74 84 94 c: 248
h: 56 57 58 59 v: 65 75 85 95 c: 250
h: 66 67 68 69 v: 66 76 86 96 c: 252
h: 76 77 78 79 v: 67 77 87 97 c: 254
h: 86 87 88 89 v: 68 78 88 98 c: 256
h: 96 97 98 99 v: 69 79 89 99 c: 258
h: 1006 1007 1008 1009 v: 610 710 810 910 c: 260
h: 1106 1107 1108 1109 v: 611 711 811 911 c: 262
h: 1206 1207 1208 1209 v: 612 712 812 912 c: 264
h: 1306 1307 1308 1309 v: 613 713 813 913 c: 266
h: 1406 1407 1408 1409 v: 614 714 814 914 c: 268
h: 1506 1507 1508 1509 v: 615 715 815 915 c: 270
h: 1606 1607 1608 1609 v: 616 716 816 916 c: 272
h: 1706 1707 1708 1709 v: 617 717 817 917 c: 274
h: 1806 1807 1808 1809 v: 618 718 818 918 c: 276
h: 1906 1907 1908 1909 v: 619 719 819 919 c: 278
h: 07 08 09 010 v: 70 80 90 1000 c: 280
h: 17 18 19 110 v: 71 81 91 1001 c: 282
h: 27 28 29 210 v: 72 82 92 1002 c: 284
h: 37 38 39 310 v: 73 83 93 1003 c: 286
h: 47 48 49 410 v: 74 84 94 1004 c: 288
h: 57 58 59 510 v: 75 85 95 1005 c: 290
h: 67 68 69 610 v: 76 86 96 1006 c: 292
h: 77 78 79 710 v: 77 87 97 1007 c: 294
h: 87 88 89 810 v: 78 88 98 1008 c: 296
h: 97 98 99 910 v: 79 89 99 1009 c: 298
h: 1007 1008 1009 1010 v: 710 810 910 1010 c: 300
h: 1107 1108 1109 1110 v: 711 811 911 1011 c: 302
h: 1207 1208 1209 1210 v: 712 812 912 1012 c: 304
h: 1307 1308 1309 1310 v: 713 813 913 1013 c: 306
h: 1407 1408 1409 1410 v: 714 814 914 1014 c: 308
h: 1507 1508 1509 1510 v: 715 815 915 1015 c: 310
h: 1607 1608 1609 1610 v: 716 816 916 1016 c: 312
h: 1707 1708 1709 1710 v: 717 817 917 1017 c: 314
h: 1807 1808 1809 1810 v: 718 818 918 1018 c: 316
h: 1907 1908 1909 1910 v: 719 819 919 1019 c: 318
h: 08 09 010 011 v: 80 90 1000 1100 c: 320
h: 18 19 110 111 v: 81 91 1001 1101 c: 322
h: 28 29 210 211 v: 82 92 1002 1102 c: 324
h: 38 39 310 311 v: 83 93 1003 1103 c: 326
h: 48 49 410 411 v: 84 94 1004 1104 c: 328
h: 58 59 510 511 v: 85 95 1005 1105 c: 330
h: 68 69 610 611 v: 86 96 1006 1106 c: 332
h: 78 79 710 711 v: 87 97 1007 1107 c: 334
h: 88 89 810 811 v: 88 98 1008 1108 c: 336
h: 98 99 910 911 v: 89 99 1009 1109 c: 338
h: 1008 1009 1010 1011 v: 810 910 1010 1110 c: 340
h: 1108 1109 1110 1111 v: 811 911 1011 1111 c: 342
h: 1208 1209 1210 1211 v: 812 912 1012 1112 c: 344
h: 1308 1309 1310 1311 v: 813 913 1013 1113 c: 346
h: 1408 1409 1410 1411 v: 814 914 1014 1114 c: 348
h: 1508 1509 1510 1511 v: 815 915 1015 1115 c: 350
h: 1608 1609 1610 1611 v: 816 916 1016 1116 c: 352
h: 1708 1709 1710 1711 v: 817 917 1017 1117 c: 354
h: 1808 1809 1810 1811 v: 818 918 1018 1118 c: 356
h: 1908 1909 1910 1911 v: 819 919 1019 1119 c: 358
h: 09 010 011 012 v: 90 1000 1100 1200 c: 360
h: 19 110 111 112 v: 91 1001 1101 1201 c: 362
h: 29 210 211 212 v: 92 1002 1102 1202 c: 364
h: 39 310 311 312 v: 93 1003 1103 1203 c: 366
h: 49 410 411 412 v: 94 1004 1104 1204 c: 368
h: 59 510 511 512 v: 95 1005 1105 1205 c: 370
h: 69 610 611 612 v: 96 1006 1106 1206 c: 372
h: 79 710 711 712 v: 97 1007 1107 1207 c: 374
h: 89 810 811 812 v: 98 1008 1108 1208 c: 376
h: 99 910 911 912 v: 99 1009 1109 1209 c: 378
h: 1009 1010 1011 1012 v: 910 1010 1110 1210 c: 380
h: 1109 1110 1111 1112 v: 911 1011 1111 1211 c: 382
h: 1209 1210 1211 1212 v: 912 1012 1112 1212 c: 384
h: 1309 1310 1311 1312 v: 913 1013 1113 1213 c: 386
h: 1409 1410 1411 1412 v: 914 1014 1114 1214 c: 388
h: 1509 1510 1511 1512 v: 915 1015 1115 1215 c: 390
h: 1609 1610 1611 1612 v: 916 1016 1116 1216 c: 392
h: 1709 1710 1711 1712 v: 917 1017 1117 1217 c: 394
h: 1809 1810 1811 1812 v: 918 1018 1118 1218 c: 396
h: 1909 1910 1911 1912 v: 919 1019 1119 1219 c: 398
h: 010 011 012 013 v: 1000 1100 1200 1300 c: 400
h: 110 111 112 113 v: 1001 1101 1201 1301 c: 402
h: 210 211 212 213 v: 1002 1102 1202 1302 c: 404
h: 310 311 312 313 v: 1003 1103 1203 1303 c: 406
h: 410 411 412 413 v: 1004 1104 1204 1304 c: 408
h: 510 511 512 513 v: 1005 1105 1205 1305 c: 410
h: 610 611 612 613 v: 1006 1106 1206 1306 c: 412
h: 710 711 712 713 v: 1007 1107 1207 1307 c: 414
h: 810 811 812 813 v: 1008 1108 1208 1308 c: 416
h: 910 911 912 913 v: 1009 1109 1209 1309 c: 418
h: 1010 1011 1012 1013 v: 1010 1110 1210 1310 c: 420
h: 1110 1111 1112 1113 v: 1011 1111 1211 1311 c: 422
h: 1210 1211 1212 1213 v: 1012 1112 1212 1312 c: 424
h: 1310 1311 1312 1313 v: 1013 1113 1213 1313 c: 426
h: 1410 1411 1412 1413 v: 1014 1114 1214 1314 c: 428
h: 1510 1511 1512 1513 v: 1015 1115 1215 1315 c: 430
h: 1610 1611 1612 1613 v: 1016 1116 1216 1316 c: 432
h: 1710 1711 1712 1713 v: 1017 1117 1217 1317 c: 434
h: 1810 1811 1812 1813 v: 1018 1118 1218 1318 c: 436
h: 1910 1911 1912 1913 v: 1019 1119 1219 1319 c: 438
h: 011 012 013 014 v: 1100 1200 1300 1400 c: 440
h: 111 112 113 114 v: 1101 1201 1301 1401 c: 442
h: 211 212 213 214 v: 1102 1202 1302 1402 c: 444
h: 311 312 313 314 v: 1103 1203 1303 1403 c: 446
h: 411 412 413 414 v: 1104 1204 1304 1404 c: 448
h: 511 512 513 514 v: 1105 1205 1305 1405 c: 450
h: 611 612 613 614 v: 1106 1206 1306 1406 c: 452
h: 711 712 713 714 v: 1107 1207 1307 1407 c: 454
h: 811 812 813 814 v: 1108 1208 1308 1408 c: 456
h: 911 912 913 914 v: 1109 1209 1309 1409 c: 458
h: 1011 1012 1013 1014 v: 1110 1210 1310 1410 c: 460
h: 1111 1112 1113 1114 v: 1111 1211 1311 1411 c: 462
h: 1211 1212 1213 1214 v: 1112 1212 1312 1412 c: 464
h: 1311 1312 1313 1314 v: 1113 1213 1313 1413 c: 466
h: 1411 1412 1413 1414 v: 1114 1214 1314 1414 c: 468
h: 1511 1512 1513 1514 v: 1115 1215 1315 1415 c: 470
h: 1611 1612 1613 1614 v: 1116 1216 1316 1416 c: 472
h: 1711 1712 1713 1714 v: 1117 1217 1317 1417 c: 474
h: 1811 1812 1813 1814 v: 1118 1218 1318 1418 c: 476
h: 1911 1912 1913 1914 v: 1119 1219 1319 1419 c: 478
h: 012 013 014 015 v: 1200 1300 1400 1500 c: 480
h: 112 113 114 115 v: 1201 1301 1401 1501 c: 482
h: 212 213 214 215 v: 1202 1302 1402 1502 c: 484
h: 312 313 314 315 v: 1203 1303 1403 1503 c: 486
h: 412 413 414 415 v: 1204 1304 1404 1504 c: 488
h: 512 513 514 515 v: 1205 1305 1405 1505 c: 490
h: 612 613 614 615 v: 1206 1306 1406 1506 c: 492
h: 712 713 714 715 v: 1207 1307 1407 1507 c: 494
h: 812 813 814 815 v: 1208 1308 1408 1508 c: 496
h: 912 913 914 915 v: 1209 1309 1409 1509 c: 498
h: 1012 1013 1014 1015 v: 1210 1310 1410 1510 c: 500
h: 1112 1113 1114 1115 v: 1211 1311 1411 1511 c: 502
h: 1212 1213 1214 1215 v: 1212 1312 1412 1512 c: 504
h: 1312 1313 1314 1315 v: 1213 1313 1413 1513 c: 506
h: 1412 1413 1414 1415 v: 1214 1314 1414 1514 c: 508
h: 1512 1513 1514 1515 v: 1215 1315 1415 1515 c: 510
h: 1612 1613 1614 1615 v: 1216 1316 1416 1516 c: 512
h: 1712 1713 1714 1715 v: 1217 1317 1417 1517 c: 514
h: 1812 1813 1814 1815 v: 1218 1318 1418 1518 c: 516
h: 1912 1913 1914 1915 v: 1219 1319 1419 1519 c: 518
h: 013 014 015 016 v: 1300 1400 1500 1600 c: 520
h: 113 114 115 116 v: 1301 1401 1501 1601 c: 522
h: 213 214 215 216 v: 1302 1402 1502 1602 c: 524
h: 313 314 315 316 v: 1303 1403 1503 1603 c: 526
h: 413 414 415 416 v: 1304 1404 1504 1604 c: 528
h: 513 514 515 516 v: 1305 1405 1505 1605 c: 530
h: 613 614 615 616 v: 1306 1406 1506 1606 c: 532
h: 713 714 715 716 v: 1307 1407 1507 1607 c: 534
h: 813 814 815 816 v: 1308 1408 1508 1608 c: 536
h: 913 914 915 916 v: 1309 1409 1509 1609 c: 538
h: 1013 1014 1015 1016 v: 1310 1410 1510 1610 c: 540
h: 1113 1114 1115 1116 v: 1311 1411 1511 1611 c: 542
h: 1213 1214 1215 1216 v: 1312 1412 1512 1612 c: 544
h: 1313 1314 1315 1316 v: 1313 1413 1513 1613 c: 546
h: 1413 1414 1415 1416 v: 1314 1414 1514 1614 c: 548
h: 1513 1514 1515 1516 v: 1315 1415 1515 1615 c: 550
h: 1613 1614 1615 1616 v: 1316 1416 1516 1616 c: 552
h: 1713 1714 1715 1716 v: 1317 1417 1517 1617 c: 554
h: 1813 1814 1815 1816 v: 1318 1418 1518 1618 c: 556
h: 1913 1914 1915 1916 v: 1319 1419 1519 1619 c: 558
h: 014 015 016 017 v: 1400 1500 1600 1700 c: 560
h: 114 115 116 117 v: 1401 1501 1601 1701 c: 562
h: 214 215 216 217 v: 1402 1502 1602 1702 c: 564
h: 314 315 316 317 v: 1403 1503 1603 1703 c: 566
h: 414 415 416 417 v: 1404 1504 1604 1704 c: 568
h: 514 515 516 517 v: 1405 1505 1605 1705 c: 570
h: 614 615 616 617 v: 1406 1506 1606 1706 c: 572
h: 714 715 716 717 v: 1407 1507 1607 1707 c: 574
h: 814 815 816 817 v: 1408 1508 1608 1708 c: 576
h: 914 915 916 917 v: 1409 1509 1609 1709 c: 578
h: 1014 1015 1016 1017 v: 1410 1510 1610 1710 c: 580
h: 1114 1115 1116 1117 v: 1411 1511 1611 1711 c: 582
h: 1214 1215 1216 1217 v: 1412 1512 1612 1712 c: 584
h: 1314 1315 1316 1317 v: 1413 1513 1613 1713 c: 586
h: 1414 1415 1416 1417 v: 1414 1514 1614 1714 c: 588
h: 1514 1515 1516 1517 v: 1415 1515 1615 1715 c: 590
h: 1614 1615 1616 1617 v: 1416 1516 1616 1716 c: 592
h: 1714 1715 1716 1717 v: 1417 1517 1617 1717 c: 594
h: 1814 1815 1816 1817 v: 1418 1518 1618 1718 c: 596
h: 1914 1915 1916 1917 v: 1419 1519 1619 1719 c: 598
h: 015 016 017 018 v: 1500 1600 1700 1800 c: 600
h: 115 116 117 118 v: 1501 1601 1701 1801 c: 602
h: 215 216 217 218 v: 1502 1602 1702 1802 c: 604
h: 315 316 317 318 v: 1503 1603 1703 1803 c: 606
h: 415 416 417 418 v: 1504 1604 1704 1804 c: 608
h: 515 516 517 518 v: 1505 1605 1705 1805 c: 610
h: 615 616 617 618 v: 1506 1606 1706 1806 c: 612
h: 715 716 717 718 v: 1507 1607 1707 1807 c: 614
h: 815 816 817 818 v: 1508 1608 1708 1808 c: 616
h: 915 916 917 918 v: 1509 1609 1709 1809 c: 618
h: 1015 1016 1017 1018 v: 1510 1610 1710 1810 c: 620
h: 1115 1116 1117 1118 v: 1511 1611 1711 1811 c: 622
h: 1215 1216 1217 1218 v: 1512 1612 1712 1812 c: 624
h: 1315 1316 1317 1318 v: 1513 1613 1713 1813 c: 626
h: 1415 1416 1417 1418 v: 1514 1614 1714 1814 c: 628
h: 1515 1516 1517 1518 v: 1515 1615 1715 1815 c: 630
h: 1615 1616 1617 1618 v: 1516 1616 1716 1816 c: 632
h: 1715 1716 1717 1718 v: 1517 1617 1717 1817 c: 634
h: 1815 1816 1817 1818 v: 1518 1618 1718 1818 c: 636
h: 1915 1916 1917 1918 v: 1519 1619 1719 1819 c: 638
h: 016 017 018 019 v: 1600 1700 1800 1900 c: 640
h: 116 117 118 119 v: 1601 1701 1801 1901 c: 642
h: 216 217 218 219 v: 1602 1702 1802 1902 c: 644
h: 316 317 318 319 v: 1603 1703 1803 1903 c: 646
h: 416 417 418 419 v: 1604 1704 1804 1904 c: 648
h: 516 517 518 519 v: 1605 1705 1805 1905 c: 650
h: 616 617 618 619 v: 1606 1706 1806 1906 c: 652
h: 716 717 718 719 v: 1607 1707 1807 1907 c: 654
h: 816 817 818 819 v: 1608 1708 1808 1908 c: 656
h: 916 917 918 919 v: 1609 1709 1809 1909 c: 658
h: 1016 1017 1018 1019 v: 1610 1710 1810 1910 c: 660
h: 1116 1117 1118 1119 v: 1611 1711 1811 1911 c: 662
h: 1216 1217 1218 1219 v: 1612 1712 1812 1912 c: 664
h: 1316 1317 1318 1319 v: 1613 1713 1813 1913 c: 666
h: 1416 1417 1418 1419 v: 1614 1714 1814 1914 c: 668
h: 1516 1517 1518 1519 v: 1615 1715 1815 1915 c: 670
h: 1616 1617 1618 1619 v: 1616 1716 1816 1916 c: 672
h: 1716 1717 1718 1719 v: 1617 1717 1817 1917 c: 674
h: 1816 1817 1818 1819 v: 1618 1718 1818 1918 c: 676
h: 1916 1917 1918 1919 v: 1619 1719 1819 1919 c: 678
u: 1900 1801 1702 1603 d: 00 11 22 33 c: 680
u: 1800 1701 1602 1503 d: 01 12 23 34 c: 682
u: 1700 1601 1502 1403 d: 02 13 24 35 c: 684
u: 1600 1501 1402 1303 d: 03 14 25 36 c: 686
u: 1500 1401 1302 1203 d: 04 15 26 37 c: 688
u: 1400 1301 1202 1103 d: 05 16 27 38 c: 690
u: 1300 1201 1102 1003 d: 06 17 28 39 c: 692
u: 1200 1101 1002 93 d: 07 18 29 310 c: 694
u: 1100 1001 92 83 d: 08 19 210 311 c: 696
u: 1000 91 82 73 d: 09 110 211 312 c: 698
u: 90 81 72 63 d: 010 111 212 313 c: 700
u: 80 71 62 53 d: 011 112 213 314 c: 702
u: 70 61 52 43 d: 012 113 214 315 c: 704
u: 60 51 42 33 d: 013 114 215 316 c: 706
u: 50 41 32 23 d: 014 115 216 317 c: 708
u: 40 31 22 13 d: 015 116 217 318 c: 710
u: 30 21 12 03 d: 016 117 218 319 c: 712
u: 1901 1802 1703 1604 d: 10 21 32 43 c: 714
u: 1801 1702 1603 1504 d: 11 22 33 44 c: 716
u: 1701 1602 1503 1404 d: 12 23 34 45 c: 718
u: 1601 1502 1403 1304 d: 13 24 35 46 c: 720
u: 1501 1402 1303 1204 d: 14 25 36 47 c: 722
u: 1401 1302 1203 1104 d: 15 26 37 48 c: 724
u: 1301 1202 1103 1004 d: 16 27 38 49 c: 726
u: 1201 1102 1003 94 d: 17 28 39 410 c: 728
u: 1101 1002 93 84 d: 18 29 310 411 c: 730
u: 1001 92 83 74 d: 19 210 311 412 c: 732
u: 91 82 73 64 d: 110 211 312 413 c: 734
u: 81 72 63 54 d: 111 212 313 414 c: 736
u: 71 62 53 44 d: 112 213 314 415 c: 738
u: 61 52 43 34 d: 113 214 315 416 c: 740
u: 51 42 33 24 d: 114 215 316 417 c: 742
u: 41 32 23 14 d: 115 216 317 418 c: 744
u: 31 22 13 04 d: 116 217 318 419 c: 746
u: 1902 1803 1704 1605 d: 20 31 42 53 c: 748
u: 1802 1703 1604 1505 d: 21 32 43 54 c: 750
u: 1702 1603 1504 1405 d: 22 33 44 55 c: 752
u: 1602 1503 1404 1305 d: 23 34 45 56 c: 754
u: 1502 1403 1304 1205 d: 24 35 46 57 c: 756
u: 1402 1303 1204 1105 d: 25 36 47 58 c: 758
u: 1302 1203 1104 1005 d: 26 37 48 59 c: 760
u: 1202 1103 1004 95 d: 27 38 49 510 c: 762
u: 1102 1003 94 85 d: 28 39 410 511 c: 764
u: 1002 93 84 75 d: 29 310 411 512 c: 766
u: 92 83 74 65 d: 210 311 412 513 c: 768
u: 82 73 64 55 d: 211 312 413 514 c: 770
u: 72 63 54 45 d: 212 313 414 515 c: 772
u: 62 53 44 35 d: 213 314 415 516 c: 774
u: 52 43 34 25 d: 214 315 416 517 c: 776
u: 42 33 24 15 d: 215 316 417 518 c: 778
u: 32 23 14 05 d: 216 317 418 519 c: 780
u: 1903 1804 1705 1606 d: 30 41 52 63 c: 782
u: 1803 1704 1605 1506 d: 31 42 53 64 c: 784
u: 1703 1604 1505 1406 d: 32 43 54 65 c: 786
u: 1603 1504 1405 1306 d: 33 44 55 66 c: 788
u: 1503 1404 1305 1206 d: 34 45 56 67 c: 790
u: 1403 1304 1205 1106 d: 35 46 57 68 c: 792
u: 1303 1204 1105 1006 d: 36 47 58 69 c: 794
u: 1203 1104 1005 96 d: 37 48 59 610 c: 796
u: 1103 1004 95 86 d: 38 49 510 611 c: 798
u: 1003 94 85 76 d: 39 410 511 612 c: 800
u: 93 84 75 66 d: 310 411 512 613 c: 802
u: 83 74 65 56 d: 311 412 513 614 c: 804
u: 73 64 55 46 d: 312 413 514 615 c: 806
u: 63 54 45 36 d: 313 414 515 616 c: 808
u: 53 44 35 26 d: 314 415 516 617 c: 810
u: 43 34 25 16 d: 315 416 517 618 c: 812
u: 33 24 15 06 d: 316 417 518 619 c: 814
u: 1904 1805 1706 1607 d: 40 51 62 73 c: 816
u: 1804 1705 1606 1507 d: 41 52 63 74 c: 818
u: 1704 1605 1506 1407 d: 42 53 64 75 c: 820
u: 1604 1505 1406 1307 d: 43 54 65 76 c: 822
u: 1504 1405 1306 1207 d: 44 55 66 77 c: 824
u: 1404 1305 1206 1107 d: 45 56 67 78 c: 826
u: 1304 1205 1106 1007 d: 46 57 68 79 c: 828
u: 1204 1105 1006 97 d: 47 58 69 710 c: 830
u: 1104 1005 96 87 d: 48 59 610 711 c: 832
u: 1004 95 86 77 d: 49 510 611 712 c: 834
u: 94 85 76 67 d: 410 511 612 713 c: 836
u: 84 75 66 57 d: 411 512 613 714 c: 838
u: 74 65 56 47 d: 412 513 614 715 c: 840
u: 64 55 46 37 d: 413 514 615 716 c: 842
u: 54 45 36 27 d: 414 515 616 717 c: 844
u: 44 35 26 17 d: 415 516 617 718 c: 846
u: 34 25 16 07 d: 416 517 618 719 c: 848
u: 1905 1806 1707 1608 d: 50 61 72 83 c: 850
u: 1805 1706 1607 1508 d: 51 62 73 84 c: 852
u: 1705 1606 1507 1408 d: 52 63 74 85 c: 854
u: 1605 1506 1407 1308 d: 53 64 75 86 c: 856
u: 1505 1406 1307 1208 d: 54 65 76 87 c: 858
u: 1405 1306 1207 1108 d: 55 66 77 88 c: 860
u: 1305 1206 1107 1008 d: 56 67 78 89 c: 862
u: 1205 1106 1007 98 d: 57 68 79 810 c: 864
u: 1105 1006 97 88 d: 58 69 710 811 c: 866
u: 1005 96 87 78 d: 59 610 711 812 c: 868
u: 95 86 77 68 d: 510 611 712 813 c: 870
u: 85 76 67 58 d: 511 612 713 814 c: 872
u: 75 66 57 48 d: 512 613 714 815 c: 874
u: 65 56 47 38 d: 513 614 715 816 c: 876
u: 55 46 37 28 d: 514 615 716 817 c: 878
u: 45 36 27 18 d: 515 616 717 818 c: 880
u: 35 26 17 08 d: 516 617 718 819 c: 882
u: 1906 1807 1708 1609 d: 60 71 82 93 c: 884
u: 1806 1707 1608 1509 d: 61 72 83 94 c: 886
u: 1706 1607 1508 1409 d: 62 73 84 95 c: 888
u: 1606 1507 1408 1309 d: 63 74 85 96 c: 890
u: 1506 1407 1308 1209 d: 64 75 86 97 c: 892
u: 1406 1307 1208 1109 d: 65 76 87 98 c: 894
u: 1306 1207 1108 1009 d: 66 77 88 99 c: 896
u: 1206 1107 1008 99 d: 67 78 89 910 c: 898
u: 1106 1007 98 89 d: 68 79 810 911 c: 900
u: 1006 97 88 79 d: 69 710 811 912 c: 902
u: 96 87 78 69 d: 610 711 812 913 c: 904
u: 86 77 68 59 d: 611 712 813 914 c: 906
u: 76 67 58 49 d: 612 713 814 915 c: 908
u: 66 57 48 39 d: 613 714 815 916 c: 910
u: 56 47 38 29 d: 614 715 816 917 c: 912
u: 46 37 28 19 d: 615 716 817 918 c: 914
u: 36 27 18 09 d: 616 717 818 919 c: 916
u: 1907 1808 1709 1610 d: 70 81 92 1003 c: 918
u: 1807 1708 1609 1510 d: 71 82 93 1004 c: 920
u: 1707 1608 1509 1410 d: 72 83 94 1005 c: 922
u: 1607 1508 1409 1310 d: 73 84 95 1006 c: 924
u: 1507 1408 1309 1210 d: 74 85 96 1007 c: 926
u: 1407 1308 1209 1110 d: 75 86 97 1008 c: 928
u: 1307 1208 1109 1010 d: 76 87 98 1009 c: 930
u: 1207 1108 1009 910 d: 77 88 99 1010 c: 932
u: 1107 1008 99 810 d: 78 89 910 1011 c: 934
u: 1007 98 89 710 d: 79 810 911 1012 c: 936
u: 97 88 79 610 d: 710 811 912 1013 c: 938
u: 87 78 69 510 d: 711 812 913 1014 c: 940
u: 77 68 59 410 d: 712 813 914 1015 c: 942
u: 67 58 49 310 d: 713 814 915 1016 c: 944
u: 57 48 39 210 d: 714 815 916 1017 c: 946
u: 47 38 29 110 d: 715 816 917 1018 c: 948
u: 37 28 19 010 d: 716 817 918 1019 c: 950
u: 1908 1809 1710 1611 d: 80 91 1002 1103 c: 952
u: 1808 1709 1610 1511 d: 81 92 1003 1104 c: 954
u: 1708 1609 1510 1411 d: 82 93 1004 1105 c: 956
u: 1608 1509 1410 1311 d: 83 94 1005 1106 c: 958
u: 1508 1409 1310 1211 d: 84 95 1006 1107 c: 960
u: 1408 1309 1210 1111 d: 85 96 1007 1108 c: 962
u: 1308 1209 1110 1011 d: 86 97 1008 1109 c: 964
u: 1208 1109 1010 911 d: 87 98 1009 1110 c: 966
u: 1108 1009 910 811 d: 88 99 1010 1111 c: 968
u: 1008 99 810 711 d: 89 910 1011 1112 c: 970
u: 98 89 710 611 d: 810 911 1012 1113 c: 972
u: 88 79 610 511 d: 811 912 1013 1114 c: 974
u: 78 69 510 411 d: 812 913 1014 1115 c: 976
u: 68 59 410 311 d: 813 914 1015 1116 c: 978
u: 58 49 310 211 d: 814 915 1016 1117 c: 980
u: 48 39 210 111 d: 815 916 1017 1118 c: 982
u: 38 29 110 011 d: 816 917 1018 1119 c: 984
u: 1909 1810 1711 1612 d: 90 1001 1102 1203 c: 986
u: 1809 1710 1611 1512 d: 91 1002 1103 1204 c: 988
u: 1709 1610 1511 1412 d: 92 1003 1104 1205 c: 990
u: 1609 1510 1411 1312 d: 93 1004 1105 1206 c: 992
u: 1509 1410 1311 1212 d: 94 1005 1106 1207 c: 994
u: 1409 1310 1211 1112 d: 95 1006 1107 1208 c: 996
u: 1309 1210 1111 1012 d: 96 1007 1108 1209 c: 998
u: 1209 1110 1011 912 d: 97 1008 1109 1210 c: 1000
u: 1109 1010 911 812 d: 98 1009 1110 1211 c: 1002
u: 1009 910 811 712 d: 99 1010 1111 1212 c: 1004
u: 99 810 711 612 d: 910 1011 1112 1213 c: 1006
u: 89 710 611 512 d: 911 1012 1113 1214 c: 1008
u: 79 610 511 412 d: 912 1013 1114 1215 c: 1010
u: 69 510 411 312 d: 913 1014 1115 1216 c: 1012
u: 59 410 311 212 d: 914 1015 1116 1217 c: 1014
u: 49 310 211 112 d: 915 1016 1117 1218 c: 1016
u: 39 210 111 012 d: 916 1017 1118 1219 c: 1018
u: 1910 1811 1712 1613 d: 1000 1101 1202 1303 c: 1020
u: 1810 1711 1612 1513 d: 1001 1102 1203 1304 c: 1022
u: 1710 1611 1512 1413 d: 1002 1103 1204 1305 c: 1024
u: 1610 1511 1412 1313 d: 1003 1104 1205 1306 c: 1026
u: 1510 1411 1312 1213 d: 1004 1105 1206 1307 c: 1028
u: 1410 1311 1212 1113 d: 1005 1106 1207 1308 c: 1030
u: 1310 1211 1112 1013 d: 1006 1107 1208 1309 c: 1032
u: 1210 1111 1012 913 d: 1007 1108 1209 1310 c: 1034
u: 1110 1011 912 813 d: 1008 1109 1210 1311 c: 1036
u: 1010 911 812 713 d: 1009 1110 1211 1312 c: 1038
u: 910 811 712 613 d: 1010 1111 1212 1313 c: 1040
u: 810 711 612 513 d: 1011 1112 1213 1314 c: 1042
u: 710 611 512 413 d: 1012 1113 1214 1315 c: 1044
u: 610 511 412 313 d: 1013 1114 1215 1316 c: 1046
u: 510 411 312 213 d: 1014 1115 1216 1317 c: 1048
u: 410 311 212 113 d: 1015 1116 1217 1318 c: 1050
u: 310 211 112 013 d: 1016 1117 1218 1319 c: 1052
u: 1911 1812 1713 1614 d: 1100 1201 1302 1403 c: 1054
u: 1811 1712 1613 1514 d: 1101 1202 1303 1404 c: 1056
u: 1711 1612 1513 1414 d: 1102 1203 1304 1405 c: 1058
u: 1611 1512 1413 1314 d: 1103 1204 1305 1406 c: 1060
u: 1511 1412 1313 1214 d: 1104 1205 1306 1407 c: 1062
u: 1411 1312 1213 1114 d: 1105 1206 1307 1408 c: 1064
u: 1311 1212 1113 1014 d: 1106 1207 1308 1409 c: 1066
u: 1211 1112 1013 914 d: 1107 1208 1309 1410 c: 1068
u: 1111 1012 913 814 d: 1108 1209 1310 1411 c: 1070
u: 1011 912 813 714 d: 1109 1210 1311 1412 c: 1072
u: 911 812 713 614 d: 1110 1211 1312 1413 c: 1074
u: 811 712 613 514 d: 1111 1212 1313 1414 c: 1076
u: 711 612 513 414 d: 1112 1213 1314 1415 c: 1078
u: 611 512 413 314 d: 1113 1214 1315 1416 c: 1080
u: 511 412 313 214 d: 1114 1215 1316 1417 c: 1082
u: 411 312 213 114 d: 1115 1216 1317 1418 c: 1084
u: 311 212 113 014 d: 1116 1217 1318 1419 c: 1086
u: 1912 1813 1714 1615 d: 1200 1301 1402 1503 c: 1088
u: 1812 1713 1614 1515 d: 1201 1302 1403 1504 c: 1090
u: 1712 1613 1514 1415 d: 1202 1303 1404 1505 c: 1092
u: 1612 1513 1414 1315 d: 1203 1304 1405 1506 c: 1094
u: 1512 1413 1314 1215 d: 1204 1305 1406 1507 c: 1096
u: 1412 1313 1214 1115 d: 1205 1306 1407 1508 c: 1098
u: 1312 1213 1114 1015 d: 1206 1307 1408 1509 c: 1100
u: 1212 1113 1014 915 d: 1207 1308 1409 1510 c: 1102
u: 1112 1013 914 815 d: 1208 1309 1410 1511 c: 1104
u: 1012 913 814 715 d: 1209 1310 1411 1512 c: 1106
u: 912 813 714 615 d: 1210 1311 1412 1513 c: 1108
u: 812 713 614 515 d: 1211 1312 1413 1514 c: 1110
u: 712 613 514 415 d: 1212 1313 1414 1515 c: 1112
u: 612 513 414 315 d: 1213 1314 1415 1516 c: 1114
u: 512 413 314 215 d: 1214 1315 1416 1517 c: 1116
u: 412 313 214 115 d: 1215 1316 1417 1518 c: 1118
u: 312 213 114 015 d: 1216 1317 1418 1519 c: 1120
u: 1913 1814 1715 1616 d: 1300 1401 1502 1603 c: 1122
u: 1813 1714 1615 1516 d: 1301 1402 1503 1604 c: 1124
u: 1713 1614 1515 1416 d: 1302 1403 1504 1605 c: 1126
u: 1613 1514 1415 1316 d: 1303 1404 1505 1606 c: 1128
u: 1513 1414 1315 1216 d: 1304 1405 1506 1607 c: 1130
u: 1413 1314 1215 1116 d: 1305 1406 1507 1608 c: 1132
u: 1313 1214 1115 1016 d: 1306 1407 1508 1609 c: 1134
u: 1213 1114 1015 916 d: 1307 1408 1509 1610 c: 1136
u: 1113 1014 915 816 d: 1308 1409 1510 1611 c: 1138
u: 1013 914 815 716 d: 1309 1410 1511 1612 c: 1140
u: 913 814 715 616 d: 1310 1411 1512 1613 c: 1142
u: 813 714 615 516 d: 1311 1412 1513 1614 c: 1144
u: 713 614 515 416 d: 1312 1413 1514 1615 c: 1146
u: 613 514 415 316 d: 1313 1414 1515 1616 c: 1148
u: 513 414 315 216 d: 1314 1415 1516 1617 c: 1150
u: 413 314 215 116 d: 1315 1416 1517 1618 c: 1152
u: 313 214 115 016 d: 1316 1417 1518 1619 c: 1154
u: 1914 1815 1716 1617 d: 1400 1501 1602 1703 c: 1156
u: 1814 1715 1616 1517 d: 1401 1502 1603 1704 c: 1158
u: 1714 1615 1516 1417 d: 1402 1503 1604 1705 c: 1160
u: 1614 1515 1416 1317 d: 1403 1504 1605 1706 c: 1162
u: 1514 1415 1316 1217 d: 1404 1505 1606 1707 c: 1164
u: 1414 1315 1216 1117 d: 1405 1506 1607 1708 c: 1166
u: 1314 1215 1116 1017 d: 1406 1507 1608 1709 c: 1168
u: 1214 1115 1016 917 d: 1407 1508 1609 1710 c: 1170
u: 1114 1015 916 817 d: 1408 1509 1610 1711 c: 1172
u: 1014 915 816 717 d: 1409 1510 1611 1712 c: 1174
u: 914 815 716 617 d: 1410 1511 1612 1713 c: 1176
u: 814 715 616 517 d: 1411 1512 1613 1714 c: 1178
u: 714 615 516 417 d: 1412 1513 1614 1715 c: 1180
u: 614 515 416 317 d: 1413 1514 1615 1716 c: 1182
u: 514 415 316 217 d: 1414 1515 1616 1717 c: 1184
u: 414 315 216 117 d: 1415 1516 1617 1718 c: 1186
u: 314 215 116 017 d: 1416 1517 1618 1719 c: 1188
u: 1915 1816 1717 1618 d: 1500 1601 1702 1803 c: 1190
u: 1815 1716 1617 1518 d: 1501 1602 1703 1804 c: 1192
u: 1715 1616 1517 1418 d: 1502 1603 1704 1805 c: 1194
u: 1615 1516 1417 1318 d: 1503 1604 1705 1806 c: 1196
u: 1515 1416 1317 1218 d: 1504 1605 1706 1807 c: 1198
u: 1415 1316 1217 1118 d: 1505 1606 1707 1808 c: 1200
u: 1315 1216 1117 1018 d: 1506 1607 1708 1809 c: 1202
u: 1215 1116 1017 918 d: 1507 1608 1709 1810 c: 1204
u: 1115 1016 917 818 d: 1508 1609 1710 1811 c: 1206
u: 1015 916 817 718 d: 1509 1610 1711 1812 c: 1208
u: 915 816 717 618 d: 1510 1611 1712 1813 c: 1210
u: 815 716 617 518 d: 1511 1612 1713 1814 c: 1212
u: 715 616 517 418 d: 1512 1613 1714 1815 c: 1214
u: 615 516 417 318 d: 1513 1614 1715 1816 c: 1216
u: 515 416 317 218 d: 1514 1615 1716 1817 c: 1218
u: 415 316 217 118 d: 1515 1616 1717 1818 c: 1220
u: 315 216 117 018 d: 1516 1617 1718 1819 c: 1222
u: 1916 1817 1718 1619 d: 1600 1701 1802 1903 c: 1224
u: 1816 1717 1618 1519 d: 1601 1702 1803 1904 c: 1226
u: 1716 1617 1518 1419 d: 1602 1703 1804 1905 c: 1228
u: 1616 1517 1418 1319 d: 1603 1704 1805 1906 c: 1230
u: 1516 1417 1318 1219 d: 1604 1705 1806 1907 c: 1232
u: 1416 1317 1218 1119 d: 1605 1706 1807 1908 c: 1234
u: 1316 1217 1118 1019 d: 1606 1707 1808 1909 c: 1236
u: 1216 1117 1018 919 d: 1607 1708 1809 1910 c: 1238
u: 1116 1017 918 819 d: 1608 1709 1810 1911 c: 1240
u: 1016 917 818 719 d: 1609 1710 1811 1912 c: 1242
u: 916 817 718 619 d: 1610 1711 1812 1913 c: 1244
u: 816 717 618 519 d: 1611 1712 1813 1914 c: 1246
u: 716 617 518 419 d: 1612 1713 1814 1915 c: 1248
u: 616 517 418 319 d: 1613 1714 1815 1916 c: 1250
u: 516 417 318 219 d: 1614 1715 1816 1917 c: 1252
u: 416 317 218 119 d: 1615 1716 1817 1918 c: 1254
u: 316 217 118 019 d: 1616 1717 1818 1919 c: 1256
Max values found:
horz: 13518895008024, vert: 9714722493321
diup: 9683234298424, didn: 9680114742624
winner: 13518895008024
