00 01 02 03 04 05 06 07 08 09 010 011 012 013 014 015 016 017 018 019
10 11 12 13 14 15 16 17 18 19 110 111 112 113 114 115 116 117 118 119
20 21 22 23 24 25 26 27 28 29 210 211 212 213 214 215 216 217 218 219
30 31 32 33 34 35 36 37 38 39 310 311 312 313 314 315 316 317 318 319
40 41 42 43 44 45 46 47 48 49 410 411 412 413 414 415 416 417 418 419
50 51 52 53 54 55 56 57 58 59 510 511 512 513 514 515 516 517 518 519
60 61 62 63 64 65 66 67 68 69 610 611 612 613 614 615 616 617 618 619
70 71 72 73 74 75 76 77 78 79 710 711 712 713 714 715 716 717 718 719
80 81 82 83 84 85 86 87 88 89 810 811 812 813 814 815 816 817 818 819
90 91 92 93 94 95 96 97 98 99 910 911 912 913 914 915 916 917 918 919
1000 1001 1002 1003 1004 1005 1006 1007 1008 1009 1010 1011 1012 1013 1014 1015 1016 1017 1018 1019
1100 1101 1102 1103 1104 1105 1106 1107 1108 1109 1110 1111 1112 1113 1114 1115 1116 1117 1118 1119
1200 1201 1202 1203 1204 1205 1206 1207 1208 1209 1210 1211 1212 1213 1214 1215 1216 1217 1218 1219
1300 1301 1302 1303 1304 1305 1306 1307 1308 1309 1310 1311 1312 1313 1314 1315 1316 1317 1318 1319
1400 1401 1402 1403 1404 1405 1406 1407 1408 1409 1410 1411 1412 1413 1414 1415 1416 1417 1418 1419
1500 1501 1502 1503 1504 1505 1506 1507 1508 1509 1510 1511 1512 1513 1514 1515 1516 1517 1518 1519
1600 1601 1602 1603 1604 1605 1606 1607 1608 1609 1610 1611 1612 1613 1614 1615 1616 1617 1618 1619
1700 1701 1702 1703 1704 1705 1706 1707 1708 1709 1710 1711 1712 1713 1714 1715 1716 1717 1718 1719
1800 1801 1802 1803 1804 1805 1806 1807 1808 1809 1810 1811 1812 1813 1814 1815 1816 1817 1818 1819
1900 1901 1902 1903 1904 1905 1906 1907 1908 1909 1910 1911 1912 1913 1914 1915 1916 1917 1918 1919

