$lilStr
h: 00 01 02 03 v: 00 10 20 30 c: 0
h: 10 11 12 13 v: 01 11 21 31 c: 2
h: 20 21 22 23 v: 02 12 22 32 c: 4
h: 30 31 32 33 v: 03 13 23 33 c: 6
h: 40 41 42 43 v: 04 14 24 34 c: 8
h: 50 51 52 53 v: 05 15 25 35 c: 10
h: 01 02 03 04 v: 10 20 30 40 c: 12
h: 11 12 13 14 v: 11 21 31 41 c: 14
h: 21 22 23 24 v: 12 22 32 42 c: 16
h: 31 32 33 34 v: 13 23 33 43 c: 18
h: 41 42 43 44 v: 14 24 34 44 c: 20
h: 51 52 53 54 v: 15 25 35 45 c: 22
h: 02 03 04 05 v: 20 30 40 50 c: 24
h: 12 13 14 15 v: 21 31 41 51 c: 26
h: 22 23 24 25 v: 22 32 42 52 c: 28
h: 32 33 34 35 v: 23 33 43 53 c: 30
h: 42 43 44 45 v: 24 34 44 54 c: 32
h: 52 53 54 55 v: 25 35 45 55 c: 34
u: 50 41 32 23 d: 00 11 22 33 c: 36
u: 40 31 22 13 d: 01 12 23 34 c: 38
u: 30 21 12 03 d: 02 13 24 35 c: 40
u: 51 42 33 24 d: 10 21 32 43 c: 42
u: 41 32 23 14 d: 11 22 33 44 c: 44
u: 31 22 13 04 d: 12 23 34 45 c: 46
u: 52 43 34 25 d: 20 31 42 53 c: 48
u: 42 33 24 15 d: 21 32 43 54 c: 50
u: 32 23 14 05 d: 22 33 44 55 c: 52
Max values found:
horz: 8185320, vert: 2165625
diup: 1900600, didn: 1756920
winner: 8185320
