$medStr
h: 00 01 02 03 v: 00 10 20 30 c: 0
h: 10 11 12 13 v: 01 11 21 31 c: 2
h: 20 21 22 23 v: 02 12 22 32 c: 4
h: 30 31 32 33 v: 03 13 23 33 c: 6
h: 40 41 42 43 v: 04 14 24 34 c: 8
h: 50 51 52 53 v: 05 15 25 35 c: 10
h: 60 61 62 63 v: 06 16 26 36 c: 12
h: 70 71 72 73 v: 07 17 27 37 c: 14
h: 80 81 82 83 v: 08 18 28 38 c: 16
h: 90 91 92 93 v: 09 19 29 39 c: 18
h: 01 02 03 04 v: 10 20 30 40 c: 20
h: 11 12 13 14 v: 11 21 31 41 c: 22
h: 21 22 23 24 v: 12 22 32 42 c: 24
h: 31 32 33 34 v: 13 23 33 43 c: 26
h: 41 42 43 44 v: 14 24 34 44 c: 28
h: 51 52 53 54 v: 15 25 35 45 c: 30
h: 61 62 63 64 v: 16 26 36 46 c: 32
h: 71 72 73 74 v: 17 27 37 47 c: 34
h: 81 82 83 84 v: 18 28 38 48 c: 36
h: 91 92 93 94 v: 19 29 39 49 c: 38
h: 02 03 04 05 v: 20 30 40 50 c: 40
h: 12 13 14 15 v: 21 31 41 51 c: 42
h: 22 23 24 25 v: 22 32 42 52 c: 44
h: 32 33 34 35 v: 23 33 43 53 c: 46
h: 42 43 44 45 v: 24 34 44 54 c: 48
h: 52 53 54 55 v: 25 35 45 55 c: 50
h: 62 63 64 65 v: 26 36 46 56 c: 52
h: 72 73 74 75 v: 27 37 47 57 c: 54
h: 82 83 84 85 v: 28 38 48 58 c: 56
h: 92 93 94 95 v: 29 39 49 59 c: 58
h: 03 04 05 06 v: 30 40 50 60 c: 60
h: 13 14 15 16 v: 31 41 51 61 c: 62
h: 23 24 25 26 v: 32 42 52 62 c: 64
h: 33 34 35 36 v: 33 43 53 63 c: 66
h: 43 44 45 46 v: 34 44 54 64 c: 68
h: 53 54 55 56 v: 35 45 55 65 c: 70
h: 63 64 65 66 v: 36 46 56 66 c: 72
h: 73 74 75 76 v: 37 47 57 67 c: 74
h: 83 84 85 86 v: 38 48 58 68 c: 76
h: 93 94 95 96 v: 39 49 59 69 c: 78
h: 04 05 06 07 v: 40 50 60 70 c: 80
h: 14 15 16 17 v: 41 51 61 71 c: 82
h: 24 25 26 27 v: 42 52 62 72 c: 84
h: 34 35 36 37 v: 43 53 63 73 c: 86
h: 44 45 46 47 v: 44 54 64 74 c: 88
h: 54 55 56 57 v: 45 55 65 75 c: 90
h: 64 65 66 67 v: 46 56 66 76 c: 92
h: 74 75 76 77 v: 47 57 67 77 c: 94
h: 84 85 86 87 v: 48 58 68 78 c: 96
h: 94 95 96 97 v: 49 59 69 79 c: 98
h: 05 06 07 08 v: 50 60 70 80 c: 100
h: 15 16 17 18 v: 51 61 71 81 c: 102
h: 25 26 27 28 v: 52 62 72 82 c: 104
h: 35 36 37 38 v: 53 63 73 83 c: 106
h: 45 46 47 48 v: 54 64 74 84 c: 108
h: 55 56 57 58 v: 55 65 75 85 c: 110
h: 65 66 67 68 v: 56 66 76 86 c: 112
h: 75 76 77 78 v: 57 67 77 87 c: 114
h: 85 86 87 88 v: 58 68 78 88 c: 116
h: 95 96 97 98 v: 59 69 79 89 c: 118
h: 06 07 08 09 v: 60 70 80 90 c: 120
h: 16 17 18 19 v: 61 71 81 91 c: 122
h: 26 27 28 29 v: 62 72 82 92 c: 124
h: 36 37 38 39 v: 63 73 83 93 c: 126
h: 46 47 48 49 v: 64 74 84 94 c: 128
h: 56 57 58 59 v: 65 75 85 95 c: 130
h: 66 67 68 69 v: 66 76 86 96 c: 132
h: 76 77 78 79 v: 67 77 87 97 c: 134
h: 86 87 88 89 v: 68 78 88 98 c: 136
h: 96 97 98 99 v: 69 79 89 99 c: 138
u: 90 81 72 63 d: 00 11 22 33 c: 140
u: 80 71 62 53 d: 01 12 23 34 c: 142
u: 70 61 52 43 d: 02 13 24 35 c: 144
u: 60 51 42 33 d: 03 14 25 36 c: 146
u: 50 41 32 23 d: 04 15 26 37 c: 148
u: 40 31 22 13 d: 05 16 27 38 c: 150
u: 30 21 12 03 d: 06 17 28 39 c: 152
u: 91 82 73 64 d: 10 21 32 43 c: 154
u: 81 72 63 54 d: 11 22 33 44 c: 156
u: 71 62 53 44 d: 12 23 34 45 c: 158
u: 61 52 43 34 d: 13 24 35 46 c: 160
u: 51 42 33 24 d: 14 25 36 47 c: 162
u: 41 32 23 14 d: 15 26 37 48 c: 164
u: 31 22 13 04 d: 16 27 38 49 c: 166
u: 92 83 74 65 d: 20 31 42 53 c: 168
u: 82 73 64 55 d: 21 32 43 54 c: 170
u: 72 63 54 45 d: 22 33 44 55 c: 172
u: 62 53 44 35 d: 23 34 45 56 c: 174
u: 52 43 34 25 d: 24 35 46 57 c: 176
u: 42 33 24 15 d: 25 36 47 58 c: 178
u: 32 23 14 05 d: 26 37 48 59 c: 180
u: 93 84 75 66 d: 30 41 52 63 c: 182
u: 83 74 65 56 d: 31 42 53 64 c: 184
u: 73 64 55 46 d: 32 43 54 65 c: 186
u: 63 54 45 36 d: 33 44 55 66 c: 188
u: 53 44 35 26 d: 34 45 56 67 c: 190
u: 43 34 25 16 d: 35 46 57 68 c: 192
u: 33 24 15 06 d: 36 47 58 69 c: 194
u: 94 85 76 67 d: 40 51 62 73 c: 196
u: 84 75 66 57 d: 41 52 63 74 c: 198
u: 74 65 56 47 d: 42 53 64 75 c: 200
u: 64 55 46 37 d: 43 54 65 76 c: 202
u: 54 45 36 27 d: 44 55 66 77 c: 204
u: 44 35 26 17 d: 45 56 67 78 c: 206
u: 34 25 16 07 d: 46 57 68 79 c: 208
u: 95 86 77 68 d: 50 61 72 83 c: 210
u: 85 76 67 58 d: 51 62 73 84 c: 212
u: 75 66 57 48 d: 52 63 74 85 c: 214
u: 65 56 47 38 d: 53 64 75 86 c: 216
u: 55 46 37 28 d: 54 65 76 87 c: 218
u: 45 36 27 18 d: 55 66 77 88 c: 220
u: 35 26 17 08 d: 56 67 78 89 c: 222
u: 96 87 78 69 d: 60 71 82 93 c: 224
u: 86 77 68 59 d: 61 72 83 94 c: 226
u: 76 67 58 49 d: 62 73 84 95 c: 228
u: 66 57 48 39 d: 63 74 85 96 c: 230
u: 56 47 38 29 d: 64 75 86 97 c: 232
u: 46 37 28 19 d: 65 76 87 98 c: 234
u: 36 27 18 09 d: 66 77 88 99 c: 236
Max values found:
horz: 90345024, vert: 48028761
diup: 44950464, didn: 44274384
winner: 90345024
